Season,DayNum,WTeamID,WScore,LTeamID,LScore,NumOT,WFGM,WFGA,WFGM3,WFGA3,WFTM,WFTA,WOR,WDR,WAst,WTO,WStl,WBlk,WPF,LFGM,LFGA,LFGM3,LFGA3,LFTM,LFTA,LOR,LDR,LAst,LTO,LStl,LBlk,LPF
2010,138,3124,69,3201,55,0,28,57,1,5,12,19,13,24,22,12,6,2,12,21,61,10,34,3,5,17,19,12,18,4,1,18
2010,138,3173,67,3395,66,0,23,59,9,26,12,19,13,34,13,16,3,10,14,22,73,8,27,14,15,18,26,8,8,8,6,22
2010,138,3181,72,3214,37,0,26,57,4,13,16,22,13,34,15,11,10,7,11,15,56,4,15,3,8,10,21,4,16,6,4,20
2010,138,3199,75,3256,61,0,25,63,3,15,22,26,20,27,13,17,8,3,21,21,62,2,20,17,22,16,21,13,16,5,4,24
2010,138,3207,62,3265,42,0,24,68,8,25,6,8,20,29,16,8,5,5,18,13,60,5,26,11,17,16,22,9,10,3,4,12
2010,138,3208,64,3408,59,0,21,50,6,15,16,24,16,31,15,23,7,7,12,23,69,10,35,3,8,17,17,11,12,11,3,20
2010,138,3211,82,3314,76,0,36,75,6,17,4,8,11,31,23,16,11,6,12,30,78,4,18,12,18,17,31,15,18,12,5,16
2010,138,3234,70,3353,63,0,19,44,10,23,22,28,10,29,12,18,4,1,11,27,61,3,10,6,12,11,18,13,13,10,2,21
2010,138,3246,83,3251,77,0,25,49,7,11,26,36,9,17,15,15,16,2,17,32,64,2,9,11,16,17,21,8,22,8,1,25
2010,138,3261,60,3216,39,0,18,56,1,7,23,30,20,29,9,14,7,4,9,16,54,3,17,4,7,11,25,12,17,7,5,20
2010,138,3277,72,3132,62,0,28,68,4,16,12,14,15,27,16,10,8,2,20,19,51,11,22,13,22,10,25,12,16,5,1,15
2010,138,3329,70,3151,63,0,27,70,0,15,16,23,15,28,19,10,13,3,14,23,60,10,34,7,11,11,32,12,23,4,1,17
2010,138,3385,65,3343,47,0,27,59,1,10,10,18,14,28,7,12,11,1,14,17,60,1,10,12,15,16,25,9,16,5,3,15
2010,138,3390,79,3415,47,0,27,61,6,19,19,25,16,28,11,8,6,1,11,19,50,6,22,3,10,6,23,9,15,1,2,16
2010,138,3397,75,3122,42,0,31,67,5,19,8,13,21,26,18,13,6,5,14,16,53,3,14,7,9,11,17,4,20,4,3,13
2010,138,3401,84,3340,53,0,31,62,3,10,19,32,15,33,21,11,14,2,11,21,63,9,27,2,4,10,22,8,20,9,4,19
2010,139,3114,63,3210,53,0,20,47,6,13,17,26,9,26,15,17,11,2,14,23,62,1,7,6,8,15,23,7,16,9,4,20
2010,139,3163,95,3380,39,0,32,52,9,16,22,26,12,40,27,21,10,7,9,15,65,5,26,4,7,12,10,7,15,8,3,18
2010,139,3235,79,3250,42,0,29,59,7,17,14,15,14,32,16,15,5,3,16,11,50,5,23,15,17,7,17,6,17,8,6,18
2010,139,3280,68,3292,64,0,26,59,7,19,9,11,11,30,16,17,5,2,9,23,65,12,37,6,8,12,22,19,14,5,0,14
2010,139,3304,83,3320,44,0,26,61,10,20,21,25,13,32,20,11,10,3,14,17,58,2,23,8,11,10,24,8,17,4,3,21
2010,139,3323,86,3156,58,0,33,64,3,11,17,23,10,30,25,14,13,2,15,22,59,2,15,12,16,10,23,15,24,8,1,17
2010,139,3326,93,3384,59,0,37,75,6,17,13,18,19,36,26,16,10,6,14,20,70,7,30,12,18,16,22,10,18,12,5,11
2010,139,3328,68,3355,57,0,27,61,4,16,10,11,11,25,15,13,10,4,13,21,57,8,18,7,8,11,24,10,18,5,0,14
2010,139,3361,74,3400,63,0,22,52,9,17,21,35,11,37,15,21,7,6,22,22,66,1,13,18,31,14,27,11,14,12,4,24
2010,139,3396,65,3241,53,0,24,57,6,17,11,16,10,25,11,17,10,7,12,21,59,4,18,7,15,17,27,9,21,11,1,14
2010,139,3417,74,3301,54,0,28,55,4,8,14,15,12,29,16,17,7,4,17,18,54,6,21,12,15,10,16,8,14,9,1,18
2010,139,3435,83,3177,76,1,28,63,5,22,22,33,15,32,21,17,9,2,17,31,76,7,19,7,11,16,25,18,16,8,5,25
2010,139,3436,64,3458,55,0,21,52,3,11,19,27,6,30,14,11,8,10,13,22,61,5,15,6,9,11,30,13,15,7,4,22
2010,139,3452,58,3249,43,0,22,58,4,20,10,19,16,32,12,23,13,1,12,16,52,5,21,6,10,4,24,11,21,7,2,17
2010,139,3453,69,3438,67,0,16,44,3,13,34,40,11,32,10,30,9,1,23,25,67,2,10,15,23,14,21,10,19,22,3,28
2010,139,3462,94,3190,82,0,36,82,7,26,15,19,26,26,21,14,11,7,15,28,64,15,31,11,17,12,22,16,16,8,3,19
2010,140,3124,49,3207,33,0,16,42,0,4,17,27,7,38,10,21,8,16,10,12,70,3,18,6,10,19,25,9,13,8,5,24
2010,140,3181,60,3261,52,0,23,52,1,10,13,16,11,21,5,19,13,3,16,20,48,2,7,10,10,7,20,13,22,9,4,15
2010,140,3199,66,3385,65,1,25,58,6,16,10,12,14,21,17,21,7,6,20,24,62,0,4,17,24,18,18,11,16,7,2,14
2010,140,3208,74,3329,71,1,21,63,8,26,24,37,24,29,13,12,2,7,21,20,66,6,17,25,30,20,24,10,9,6,3,24
2010,140,3211,72,3401,71,0,26,59,6,12,14,18,11,26,15,17,11,8,12,30,66,3,10,8,15,15,26,16,18,15,8,16
2010,140,3246,70,3277,52,0,25,59,3,13,17,28,11,29,13,11,14,4,13,19,55,2,12,12,15,8,29,9,18,8,5,21
2010,140,3390,96,3234,67,0,36,64,11,18,13,19,16,25,26,16,6,4,11,27,61,7,23,6,9,10,17,13,14,5,2,13
2010,140,3397,92,3173,64,0,41,76,6,11,4,12,16,28,20,9,10,10,16,27,65,4,13,6,10,12,25,9,15,6,5,16
2010,141,3163,90,3396,36,0,34,55,12,17,10,13,10,37,22,15,8,11,8,14,60,5,24,3,9,14,13,10,15,12,0,16
2010,141,3235,60,3453,56,0,19,51,8,24,14,21,8,23,13,10,5,3,12,20,48,6,17,10,10,5,26,15,18,3,2,20
2010,141,3280,87,3326,67,0,34,61,12,22,7,13,8,18,21,11,14,2,9,25,54,10,15,7,9,13,21,17,24,3,6,14
2010,141,3304,83,3417,70,0,25,45,8,15,25,38,9,19,21,17,4,2,12,28,62,5,13,9,10,15,19,16,19,11,2,26
2010,141,3323,84,3436,66,0,31,59,3,10,19,29,15,19,20,14,19,1,13,27,55,7,15,5,5,9,20,19,25,10,5,20
2010,141,3328,60,3114,44,0,23,47,1,7,13,15,8,27,11,22,6,1,10,19,51,0,16,6,12,9,18,9,20,11,1,16
2010,141,3361,64,3452,55,0,23,52,4,8,14,20,11,23,12,16,6,2,17,20,47,2,9,13,22,10,21,3,18,7,2,22
2010,141,3462,63,3435,62,0,27,69,4,21,5,9,23,18,17,8,9,1,14,23,55,7,20,9,10,14,21,15,16,6,2,11
2010,145,3124,77,3397,62,0,26,53,3,7,22,25,6,35,18,12,2,13,12,25,76,5,16,7,15,19,23,13,8,5,3,17
2010,145,3181,66,3361,58,0,24,59,2,9,16,22,19,23,12,23,23,3,14,20,53,9,25,9,11,10,18,11,26,11,6,15
2010,145,3390,73,3208,36,0,28,66,5,17,12,15,17,40,19,11,4,3,10,12,59,4,22,8,13,9,24,4,12,5,6,17
2010,145,3462,74,3211,56,0,28,58,7,15,11,16,18,29,17,22,8,5,13,21,59,3,12,11,15,12,17,13,16,12,5,14
2010,146,3163,74,3235,36,0,26,66,11,26,11,13,15,32,22,9,7,6,10,15,53,6,25,0,0,6,26,10,18,3,1,11
2010,146,3199,74,3280,71,0,29,57,6,18,10,12,11,22,20,14,5,7,15,27,65,10,24,7,11,19,19,21,14,4,4,17
2010,146,3246,76,3304,67,0,31,62,8,16,6,12,13,23,15,16,10,3,21,24,51,5,12,14,20,7,18,10,16,5,2,15
2010,146,3328,77,3323,72,1,30,70,7,14,10,11,15,29,21,17,7,5,14,27,63,3,8,15,17,8,25,14,12,11,5,14
2010,147,3124,51,3181,48,0,18,53,2,12,13,20,8,34,12,12,4,9,18,15,65,3,17,15,20,19,29,7,11,6,4,16
2010,147,3390,55,3462,53,0,20,57,4,18,11,14,10,29,13,12,2,3,13,23,60,1,14,6,11,11,28,11,12,8,2,17
2010,148,3163,90,3199,50,0,32,60,6,12,20,25,13,33,23,18,7,8,16,18,63,4,14,10,15,14,17,10,19,2,3,17
2010,148,3328,88,3246,68,0,32,52,5,15,19,21,8,28,15,21,8,2,18,23,70,2,17,20,22,20,14,6,14,12,0,17
2010,153,3163,70,3124,50,0,28,67,3,17,11,19,14,25,20,7,6,3,15,17,45,1,7,15,20,6,28,11,21,5,5,17
2010,153,3390,73,3328,66,0,27,69,1,15,18,27,18,35,13,7,7,3,12,26,68,4,17,10,16,12,29,7,9,4,4,19
2010,155,3163,53,3390,47,0,19,58,6,20,9,22,14,35,9,10,5,7,9,18,68,8,22,3,4,16,33,11,11,2,1,20
2011,138,3177,56,3298,43,0,25,67,3,15,3,8,20,19,10,8,12,3,8,16,41,4,19,7,12,10,25,9,23,5,1,12
2011,138,3181,90,3404,45,0,37,69,7,20,9,14,14,24,25,8,16,1,15,15,43,4,17,11,17,8,22,8,24,3,0,15
2011,138,3210,69,3132,58,0,27,58,2,9,13,18,16,16,11,16,13,3,18,20,43,2,6,16,18,9,18,5,25,5,3,16
2011,138,3211,92,3234,86,0,37,77,5,14,13,17,15,29,21,16,15,4,16,30,67,13,29,13,17,9,28,19,19,5,2,15
2011,138,3246,66,3214,62,1,22,64,8,19,14,19,15,25,14,13,8,6,17,23,63,6,15,10,13,17,28,11,17,4,6,16
2011,138,3265,74,3235,64,0,24,55,10,27,16,23,4,25,21,7,8,4,22,19,55,5,19,21,29,17,31,12,17,3,0,20
2011,138,3266,68,3400,65,0,25,56,5,15,13,14,8,27,9,14,7,7,6,29,74,7,19,0,0,18,24,13,11,9,6,15
2011,138,3314,82,3201,68,0,27,58,6,16,22,29,16,34,13,15,8,6,14,21,71,14,50,12,16,19,19,15,11,10,1,22
2011,138,3323,67,3428,54,0,25,56,3,7,14,21,11,23,16,10,7,6,14,18,55,6,18,12,15,15,26,7,18,5,3,19
2011,138,3326,80,3416,69,0,32,61,3,11,13,18,9,24,23,11,8,6,12,25,63,8,19,11,12,15,24,10,18,6,0,19
2011,138,3336,75,3173,66,0,27,66,3,12,18,21,12,30,10,13,10,3,9,27,64,10,23,2,5,9,28,16,22,3,0,17
2011,138,3385,55,3403,50,0,21,60,2,6,11,19,18,29,12,21,11,3,10,20,60,3,12,7,9,13,27,10,20,12,4,17
2011,138,3390,86,3413,59,0,31,56,13,22,11,12,8,25,28,12,8,1,11,22,47,6,14,9,12,2,17,13,15,3,0,14
2011,138,3396,63,3113,45,0,27,59,4,13,5,6,12,23,12,10,11,4,15,17,55,2,15,9,10,15,21,11,18,5,3,12
2011,138,3397,99,3391,34,0,39,70,8,20,13,24,17,46,19,7,7,9,10,12,66,3,24,7,9,10,21,3,13,3,1,18
2011,138,3417,55,3285,47,0,17,40,1,7,20,33,12,20,6,19,19,5,14,16,49,7,20,8,12,14,20,9,25,8,2,20
2011,139,3124,66,3341,30,0,25,55,1,11,15,28,15,36,12,13,10,14,9,12,60,3,15,3,5,13,20,3,18,5,1,16
2011,139,3163,75,3216,39,0,30,61,4,11,11,13,14,33,20,11,6,1,10,17,54,3,18,2,4,5,18,9,11,7,0,14
2011,139,3199,76,3359,46,0,26,55,5,11,19,28,16,36,15,16,5,0,19,14,52,5,19,13,19,7,16,7,12,3,2,21
2011,139,3207,65,3343,49,0,23,57,8,21,11,15,12,19,9,8,5,5,15,16,43,4,18,13,16,9,24,11,18,5,2,14
2011,139,3208,56,3292,41,0,21,44,1,7,13,18,8,30,7,21,10,4,14,16,56,3,20,6,10,12,19,7,17,6,0,18
2011,139,3257,81,3435,62,0,30,50,8,19,13,14,9,26,20,20,10,2,11,25,57,7,18,5,6,7,12,15,14,12,3,15
2011,139,3268,70,3384,48,0,23,58,5,17,19,29,21,28,12,23,12,6,17,16,52,4,15,12,18,12,20,10,24,11,1,20
2011,139,3274,80,3205,62,0,25,66,6,20,24,33,19,31,15,14,12,8,12,24,70,8,22,6,7,16,24,10,21,8,1,23
2011,139,3277,69,3320,66,0,28,60,8,20,5,10,7,27,17,12,8,6,16,24,53,4,14,14,19,7,28,12,15,7,1,16
2011,139,3328,86,3241,72,0,31,67,4,16,20,23,18,31,12,22,7,6,20,28,77,2,25,14,19,17,21,7,14,15,4,21
2011,139,3345,53,3243,45,0,17,42,5,14,14,16,4,23,9,13,6,6,9,19,63,6,23,1,2,20,22,6,16,3,0,15
2011,139,3353,76,3256,51,0,28,55,5,13,15,18,8,36,18,12,9,6,21,17,63,3,23,14,20,13,21,7,10,9,4,16
2011,139,3401,87,3270,47,0,37,65,3,11,10,11,16,29,26,13,8,5,14,19,59,4,17,5,10,13,12,3,14,5,0,13
2011,139,3452,79,3222,73,0,26,69,5,14,22,32,26,26,11,17,9,3,19,22,56,7,17,22,29,10,26,9,16,5,5,21
2011,139,3453,59,3114,55,0,23,54,5,12,8,12,12,24,18,17,6,2,10,23,51,5,17,4,6,5,23,16,17,7,1,21
2011,139,3462,72,3355,56,0,25,59,3,12,19,29,16,29,11,13,6,6,15,18,51,5,18,15,18,4,22,12,11,4,2,17
2011,140,3177,75,3336,73,0,27,69,8,29,13,23,22,18,10,14,9,1,15,29,61,2,13,13,16,14,24,12,17,8,3,16
2011,140,3181,71,3265,66,0,27,63,5,17,12,23,21,22,14,16,12,1,10,26,54,10,27,4,5,6,22,20,20,6,3,19
2011,140,3211,89,3417,75,0,29,52,4,11,27,33,6,27,23,16,11,0,13,28,64,4,14,15,20,13,20,17,16,11,1,23
2011,140,3314,86,3246,74,0,28,58,3,7,27,30,15,40,19,22,6,8,21,28,81,5,23,13,17,15,16,10,8,8,3,23
2011,140,3323,77,3396,64,0,28,54,5,11,16,25,12,30,21,19,9,7,20,22,61,8,13,12,25,15,19,9,15,12,1,19
2011,140,3326,67,3210,60,0,25,42,3,10,14,18,5,26,15,21,7,6,8,28,72,2,17,2,2,18,16,10,13,14,1,20
2011,140,3390,75,3385,49,0,31,58,6,16,7,11,13,28,19,13,3,6,8,22,60,1,7,4,7,11,14,11,9,7,1,14
2011,140,3397,79,3266,70,0,30,58,5,12,14,19,11,29,13,11,6,9,12,27,67,8,18,8,13,14,20,12,11,5,3,17
2011,141,3124,82,3452,68,0,25,49,4,9,28,35,9,29,12,15,3,10,16,25,60,7,17,11,17,10,17,12,15,6,2,27
2011,141,3163,64,3345,40,0,22,62,6,20,14,17,23,32,15,16,5,7,15,14,54,3,17,9,12,10,20,6,12,6,9,20
2011,141,3207,79,3268,57,0,21,52,13,25,24,28,13,25,14,17,9,3,23,18,57,3,16,18,26,19,21,11,20,8,1,21
2011,141,3208,61,3199,59,0,24,66,8,19,5,8,15,21,9,12,11,0,18,19,54,8,19,13,23,18,27,14,19,5,2,13
2011,141,3257,85,3462,75,0,28,53,9,16,20,25,8,20,11,12,20,4,16,27,54,14,30,7,12,10,18,19,24,7,8,19
2011,141,3328,88,3274,83,0,29,68,11,29,19,22,17,28,22,18,8,2,14,32,73,8,23,11,15,15,24,16,15,9,3,20
2011,141,3401,70,3353,48,0,24,52,7,15,15,18,12,22,13,14,10,9,13,19,53,4,12,6,9,13,17,13,20,8,5,17
2011,141,3453,65,3277,56,0,21,44,5,8,18,25,4,21,14,19,13,2,15,22,59,6,18,6,9,18,22,14,25,10,2,22
2011,145,3211,76,3257,69,0,25,57,2,7,24,28,10,23,12,13,13,3,15,30,67,4,16,5,9,17,23,13,19,8,1,19
2011,145,3323,78,3328,53,0,28,59,9,18,13,18,14,33,24,24,14,4,13,23,55,1,11,6,9,2,22,14,24,7,3,17
2011,145,3390,72,3314,65,0,27,75,4,21,14,18,19,28,12,7,4,5,13,24,71,6,13,11,14,20,30,8,13,4,6,14
2011,145,3397,85,3326,75,0,36,77,3,8,10,16,20,26,20,9,5,3,12,31,62,7,16,6,8,5,24,20,13,3,9,17
2011,146,3124,86,3453,76,0,33,56,5,10,15,21,13,21,18,18,9,10,14,25,65,12,28,14,18,21,13,20,18,12,2,21
2011,146,3163,68,3207,63,0,24,62,8,24,12,17,19,25,20,18,8,2,10,24,62,10,27,5,10,16,21,13,16,9,5,17
2011,146,3181,70,3177,63,0,24,62,1,10,21,29,19,24,14,13,11,2,16,22,55,9,21,10,14,11,23,15,19,7,5,23
2011,146,3401,79,3208,38,0,28,64,10,20,13,17,17,34,16,9,7,5,14,15,60,4,19,4,13,16,22,10,14,4,7,13
2011,147,3323,73,3397,59,0,25,56,5,11,18,22,10,24,17,16,11,1,16,22,67,4,19,11,17,22,24,11,19,8,0,20
2011,147,3390,83,3211,60,0,31,54,9,20,12,20,13,36,14,18,1,2,12,23,68,6,21,8,10,11,14,12,6,6,1,12
2011,148,3163,75,3181,40,0,32,54,4,10,7,10,7,33,24,17,13,4,14,15,59,5,18,5,7,11,16,8,19,11,0,15
2011,148,3401,58,3124,46,0,21,61,2,17,14,20,12,24,9,13,11,2,16,15,48,1,6,15,25,12,27,7,20,2,4,18
2011,153,3323,72,3163,63,0,27,52,4,8,14,22,12,27,10,16,6,1,13,25,59,6,18,7,13,10,17,16,12,9,3,19
2011,153,3401,63,3390,62,0,23,65,7,20,10,10,13,16,10,12,7,5,19,23,46,3,6,13,19,10,29,13,22,8,8,18
2011,155,3401,76,3323,70,0,29,53,2,7,16,23,10,22,14,18,8,4,21,24,52,2,10,20,26,11,18,10,16,10,3,19
2012,138,3116,72,3173,55,0,26,66,6,14,14,18,16,31,17,8,7,1,12,21,59,8,28,5,10,9,28,16,12,2,5,18
2012,138,3163,83,3341,47,0,27,59,7,16,22,24,18,27,20,15,11,8,12,19,54,4,14,5,8,9,14,7,17,6,3,18
2012,138,3177,59,3140,55,0,23,54,3,11,10,17,7,25,7,15,14,3,11,20,59,6,24,9,10,14,29,17,20,8,5,18
2012,138,3211,86,3353,73,0,26,61,9,19,25,33,17,27,15,19,12,2,16,26,63,7,21,14,24,15,21,14,19,8,2,25
2012,138,3243,67,3343,64,0,25,54,5,15,12,14,7,22,16,10,2,4,14,26,61,3,12,9,12,16,24,8,14,5,0,10
2012,138,3246,68,3270,62,0,25,63,2,17,16,28,22,36,15,20,6,8,25,21,70,2,9,18,25,18,22,9,13,12,2,21
2012,138,3257,67,3277,55,0,24,59,4,15,15,19,16,24,15,12,9,4,9,25,61,3,16,2,6,13,21,14,14,7,3,17
2012,138,3268,59,3298,44,0,22,58,4,10,11,14,12,34,13,11,5,1,9,18,59,6,25,2,2,7,26,10,10,4,1,13
2012,138,3274,70,3226,41,0,24,52,3,13,19,28,18,27,10,20,12,4,16,13,52,3,20,12,17,13,15,6,20,9,6,18
2012,138,3345,83,3355,68,0,32,64,11,22,8,11,11,19,23,7,13,9,16,22,55,10,21,14,18,14,19,14,15,4,3,12
2012,138,3376,80,3185,48,0,32,60,5,19,11,14,11,27,22,17,11,11,18,16,60,0,3,16,22,16,20,10,17,6,3,12
2012,138,3390,73,3214,51,0,29,50,6,12,9,14,8,36,21,19,5,7,15,20,63,2,12,9,17,10,15,8,6,14,1,11
2012,138,3397,72,3404,49,0,28,70,10,27,6,10,18,34,15,8,8,10,9,19,66,4,20,7,8,13,26,12,8,3,4,12
2012,138,3401,69,3107,47,0,27,58,7,12,8,18,11,22,13,15,11,8,15,19,60,3,10,6,16,23,25,8,24,8,3,19
2012,138,3452,68,3400,55,0,24,50,6,14,14,18,11,31,17,18,5,4,19,19,68,5,14,12,20,22,19,9,11,11,2,19
2012,138,3453,71,3235,57,0,25,57,11,29,10,13,6,16,17,13,20,2,20,17,37,9,21,14,19,7,27,13,30,6,2,16
2012,139,3124,81,3364,40,0,27,46,4,8,23,36,12,28,15,13,6,5,11,16,60,2,14,6,7,15,15,9,16,4,1,25
2012,139,3143,84,3234,74,0,30,66,3,16,21,30,19,22,18,11,13,4,16,30,59,5,14,9,10,7,22,18,18,9,4,21
2012,139,3174,73,3114,42,0,28,63,7,12,10,15,13,27,12,7,7,4,13,16,52,2,12,8,15,13,26,6,19,1,5,15
2012,139,3181,82,3359,47,0,28,54,4,11,22,25,10,31,15,13,6,4,14,17,53,7,25,6,7,6,17,9,18,5,3,16
2012,139,3196,70,3326,65,0,26,74,9,21,9,13,20,26,14,10,3,2,12,28,59,4,11,5,10,6,29,13,13,7,11,12
2012,139,3207,61,3201,56,0,22,59,5,10,12,19,12,23,10,14,11,1,15,18,53,7,29,13,19,13,28,13,19,7,1,17
2012,139,3210,76,3357,50,0,27,51,8,12,14,19,11,20,13,19,12,3,13,20,51,5,18,5,11,9,16,15,20,10,0,18
2012,139,3242,57,3304,49,0,25,66,2,13,5,10,17,28,7,13,6,3,14,20,61,1,19,8,9,14,28,7,15,4,5,14
2012,139,3261,64,3361,56,0,18,47,2,9,26,35,12,31,12,10,1,3,16,22,55,5,17,7,20,11,21,9,9,7,3,27
2012,139,3265,76,3208,70,0,24,46,7,15,21,25,5,26,8,17,4,2,9,27,67,10,24,6,8,15,20,8,14,13,2,21
2012,139,3323,74,3251,43,0,32,66,4,13,6,10,15,23,25,11,9,1,15,13,42,4,12,13,20,9,20,5,23,6,5,11
2012,139,3328,88,3276,67,0,34,69,10,29,10,18,15,28,22,8,10,2,13,25,58,8,23,9,14,7,26,11,14,4,2,15
2012,139,3336,85,3431,77,0,27,65,6,15,25,31,12,24,10,13,6,5,15,28,67,4,10,17,21,15,30,14,17,9,5,20
2012,139,3382,72,3195,65,1,24,55,3,12,21,29,6,30,4,12,4,0,22,20,56,7,26,18,24,9,29,9,14,4,3,23
2012,139,3385,69,3166,67,0,24,48,2,4,19,25,9,25,9,16,9,3,12,24,53,7,21,12,12,4,20,17,14,10,2,16
2012,139,3435,60,3292,46,0,21,51,4,15,14,21,16,23,13,14,8,3,17,18,64,5,20,5,10,25,16,9,15,4,3,17
2012,140,3163,72,3243,26,0,28,55,7,20,9,12,12,33,15,16,11,6,9,10,57,4,26,2,5,16,16,3,20,9,2,8
2012,140,3211,65,3274,54,0,25,58,4,17,11,17,11,29,17,11,2,6,10,22,67,1,12,9,10,17,26,7,12,5,4,18
2012,140,3246,65,3453,62,0,25,49,4,10,11,16,11,28,15,34,11,4,16,21,60,5,17,15,17,12,18,14,24,21,1,19
2012,140,3268,72,3257,68,0,26,56,5,15,15,27,14,27,14,16,8,1,18,26,63,3,19,13,18,13,22,15,16,8,1,23
2012,140,3376,72,3345,61,0,28,57,6,16,10,20,10,20,11,12,11,2,15,22,56,4,10,13,17,16,24,16,20,6,5,21
2012,140,3390,72,3452,55,0,23,54,3,12,23,30,9,28,13,6,6,8,15,19,61,4,18,13,16,15,26,9,13,3,3,23
2012,140,3397,63,3177,48,0,22,59,4,17,15,18,17,34,9,20,7,4,10,20,64,3,17,5,5,10,21,10,14,11,2,14
2012,140,3401,61,3116,59,0,21,49,2,9,17,20,9,26,16,17,6,2,15,20,56,3,14,16,19,11,22,11,13,11,1,15
2012,141,3124,76,3196,57,0,24,55,4,10,24,33,17,26,14,15,9,7,12,23,70,4,19,7,12,24,19,14,18,9,4,23
2012,141,3181,96,3435,80,0,42,64,7,11,5,7,11,19,28,13,11,5,16,29,62,12,26,10,15,17,12,15,18,6,2,12
2012,141,3210,76,3207,64,0,28,56,8,23,12,19,10,29,20,17,7,3,18,23,68,5,16,13,21,19,23,9,15,5,3,19
2012,141,3242,70,3174,64,0,30,60,6,16,4,12,8,26,14,9,4,3,19,21,56,2,14,20,24,12,28,10,13,3,2,14
2012,141,3323,73,3143,62,0,23,56,1,9,26,33,19,21,13,13,14,8,15,25,56,5,12,7,14,16,19,15,19,8,0,23
2012,141,3336,90,3261,80,0,29,65,7,17,25,29,10,25,9,12,10,2,19,27,73,4,17,22,24,22,27,15,18,7,2,22
2012,141,3382,66,3265,63,0,23,51,7,15,13,18,15,25,9,13,2,0,18,20,50,7,21,16,19,8,18,10,8,6,4,17
2012,141,3385,74,3328,70,0,27,65,4,10,16,19,11,20,14,8,7,2,21,23,48,4,11,20,24,8,29,16,19,3,4,17
2012,145,3124,83,3210,68,0,30,56,1,6,22,30,13,20,14,11,9,10,12,26,70,10,19,6,9,25,19,11,20,8,3,24
2012,145,3181,74,3385,47,0,29,54,4,13,12,16,8,27,17,15,15,5,11,20,58,2,12,5,7,12,19,15,19,7,1,12
2012,145,3390,76,3376,60,0,28,53,1,1,19,25,9,27,15,11,5,9,11,25,68,4,12,6,10,18,20,10,11,7,3,19
2012,145,3397,84,3242,73,0,29,66,5,18,21,24,16,25,15,8,6,1,12,31,66,4,14,7,11,11,21,13,9,4,2,15
2012,146,3163,77,3336,59,0,33,67,4,18,7,8,12,32,15,14,8,4,16,22,61,4,18,11,16,11,19,8,15,9,2,13
2012,146,3246,79,3211,62,0,27,61,12,21,13,22,17,27,18,14,9,2,14,27,67,1,6,7,9,14,20,12,10,8,1,19
2012,146,3268,81,3401,74,0,30,62,4,8,17,22,14,28,14,18,8,4,14,28,64,5,16,13,16,10,20,14,14,10,4,19
2012,146,3323,79,3382,35,0,32,61,5,10,10,13,14,31,18,15,13,5,15,9,48,1,12,16,22,11,17,2,21,8,2,16
2012,147,3124,77,3397,58,0,26,62,8,15,17,22,16,31,14,13,4,10,13,23,76,4,21,8,12,24,23,11,11,7,3,20
2012,147,3390,81,3181,69,0,30,60,7,18,14,20,12,24,21,11,9,2,13,25,63,3,14,16,16,13,22,10,11,5,1,18
2012,148,3163,80,3246,65,0,23,45,4,15,30,35,12,28,21,18,7,3,19,19,61,6,21,21,22,14,12,8,10,8,1,23
2012,148,3323,80,3268,49,0,32,65,3,11,13,17,19,27,21,17,10,2,11,22,56,0,8,5,8,10,17,10,21,9,3,12
2012,153,3124,59,3390,47,0,19,52,2,8,19,26,13,29,8,7,4,2,9,20,60,2,17,5,7,12,22,8,8,3,5,17
2012,153,3323,83,3163,75,1,29,72,5,14,20,27,20,23,16,16,14,7,14,31,68,3,13,10,13,15,27,13,21,10,8,18
2012,155,3124,80,3323,61,0,29,58,4,11,18,21,16,30,20,11,2,6,13,22,62,5,13,12,16,12,15,13,7,6,4,19
2013,138,3143,90,3201,76,0,35,67,4,11,16,24,16,35,23,14,8,6,13,26,68,12,29,12,14,7,21,14,10,9,2,20
2013,138,3163,105,3225,37,0,42,69,11,22,10,13,12,33,28,6,14,8,7,14,53,8,26,1,2,6,17,9,21,4,3,11
2013,138,3166,61,3393,56,0,20,55,11,36,10,11,16,27,17,19,4,1,17,18,58,3,19,17,22,16,19,12,12,12,2,13
2013,138,3208,70,3285,50,0,28,61,5,17,9,12,13,24,15,11,7,8,17,17,58,6,17,10,16,21,22,11,20,7,4,12
2013,138,3235,72,3211,60,0,23,44,9,25,17,18,7,36,15,23,1,3,12,23,71,7,26,7,11,15,15,12,9,14,2,19
2013,138,3242,67,3160,52,0,28,61,5,14,6,6,9,33,16,19,5,7,19,16,63,3,11,17,25,18,24,8,15,13,6,16
2013,138,3268,72,3346,52,0,28,66,2,13,14,20,16,43,16,25,11,3,17,17,74,8,27,10,13,16,25,11,18,15,3,21
2013,138,3277,55,3265,47,0,20,51,9,24,6,6,7,23,15,9,4,1,10,16,41,8,16,7,8,1,24,8,12,5,2,10
2013,138,3304,73,3151,59,0,24,50,7,13,18,23,7,32,13,15,7,1,6,24,66,10,28,1,1,9,21,18,12,10,4,17
2013,138,3328,78,3141,73,0,25,53,9,19,19,22,11,37,15,24,5,5,14,26,84,8,33,13,19,23,19,10,7,12,4,16
2013,138,3376,74,3355,52,0,25,52,4,11,20,26,8,32,13,15,10,5,13,17,52,3,14,15,18,5,23,6,16,10,2,21
2013,138,3378,71,3403,70,0,25,60,6,18,15,21,11,34,17,16,5,4,22,21,61,7,20,21,29,13,27,15,13,8,1,20
2013,138,3397,83,3331,62,0,28,65,6,17,21,25,18,30,18,19,11,8,15,21,66,7,23,13,19,18,21,9,20,9,10,16
2013,138,3401,71,3455,45,0,26,55,3,10,16,18,14,27,22,12,4,3,13,18,55,3,17,6,8,9,16,7,12,6,3,16
2013,138,3417,66,3391,49,0,28,67,3,13,7,9,14,33,16,12,3,4,8,20,69,5,26,4,8,17,26,10,12,4,2,9
2013,138,3435,60,3386,54,0,22,59,2,12,14,22,18,29,13,15,4,1,18,19,55,1,15,15,17,8,24,12,11,5,3,19
2013,139,3124,82,3341,40,0,30,53,2,8,20,29,14,31,23,11,10,10,3,17,66,6,20,0,0,18,14,10,14,5,0,23
2013,139,3173,96,3385,90,2,39,79,10,22,8,12,12,29,17,16,8,3,21,33,72,5,10,19,21,10,31,17,17,8,6,17
2013,139,3174,66,3452,53,0,23,58,1,6,19,22,16,20,8,9,9,5,7,21,54,6,22,5,6,13,20,8,17,4,2,20
2013,139,3181,67,3214,51,0,28,62,5,14,6,8,18,26,21,18,10,4,10,20,63,4,18,7,11,19,17,8,17,6,2,11
2013,139,3199,60,3343,44,0,25,52,2,5,8,13,6,28,16,14,7,5,11,17,67,6,23,4,10,25,23,12,19,6,1,16
2013,139,3234,69,3274,53,0,23,58,5,11,18,25,14,23,13,16,10,2,20,18,60,3,19,14,26,24,28,8,24,9,2,21
2013,139,3246,61,3298,41,0,23,60,3,11,12,15,15,28,10,19,16,4,11,15,47,6,22,5,13,7,23,9,25,7,2,14
2013,139,3257,74,3292,49,0,30,63,2,12,12,22,11,25,19,8,18,3,15,18,52,8,25,5,10,14,28,11,24,4,5,18
2013,139,3261,75,3453,71,0,27,55,9,14,12,17,10,19,20,13,6,3,11,26,53,12,28,7,9,8,21,19,15,7,1,22
2013,139,3276,60,3437,52,0,22,46,5,11,11,13,7,32,13,15,5,1,11,21,62,6,26,4,6,10,18,13,7,8,2,16
2013,139,3314,59,3107,54,0,19,55,4,17,17,26,17,26,8,20,11,9,22,17,61,5,26,15,22,21,23,14,22,7,1,21
2013,139,3323,97,3404,64,0,38,67,2,11,19,20,20,29,26,10,10,6,14,24,55,8,21,8,13,5,9,9,14,6,3,13
2013,139,3329,73,3177,56,0,29,63,3,12,12,18,15,34,13,16,14,7,12,20,80,8,37,8,10,27,21,13,16,11,1,14
2013,139,3336,85,3142,55,0,34,72,4,9,13,18,17,35,15,13,7,7,15,19,68,2,12,15,21,16,24,9,13,7,2,16
2013,139,3345,77,3251,43,0,26,52,8,16,17,27,7,33,17,17,12,7,17,15,57,2,11,11,17,13,25,7,18,12,5,21
2013,139,3390,72,3409,56,0,29,55,5,13,9,14,8,32,14,12,3,5,10,21,63,4,17,10,14,12,19,6,7,10,0,12
2013,140,3143,82,3378,78,1,28,67,5,13,21,39,21,26,17,13,8,2,17,25,70,8,28,20,26,19,28,13,13,10,4,27
2013,140,3163,77,3435,44,0,32,59,3,12,10,12,14,20,19,12,11,5,13,17,45,1,8,9,14,10,14,9,23,3,1,14
2013,140,3208,65,3235,60,0,23,63,12,30,7,10,9,26,17,5,6,2,12,21,59,9,31,9,12,12,32,16,12,3,2,13
2013,140,3242,75,3376,69,0,29,63,5,10,12,18,17,26,14,15,7,6,17,27,72,2,8,13,22,26,21,9,13,9,4,15
2013,140,3268,74,3277,49,0,28,56,7,13,11,15,12,27,15,16,10,5,12,22,57,3,16,2,2,8,17,10,16,7,3,14
2013,140,3304,74,3401,63,0,26,57,8,19,14,15,11,28,18,13,6,4,10,28,61,6,14,1,2,6,21,14,14,5,7,15
2013,140,3328,85,3417,72,0,24,59,11,27,26,37,13,24,10,7,3,5,21,26,68,2,12,18,25,23,27,18,14,2,3,24
2013,140,3397,68,3166,52,0,23,47,6,10,16,19,8,21,13,14,13,5,11,18,56,4,22,12,13,17,18,11,19,6,0,16
2013,141,3124,85,3199,47,0,37,65,4,9,7,11,14,42,25,19,7,4,9,18,69,3,11,8,9,9,16,13,10,12,1,13
2013,141,3174,78,3314,69,0,25,59,2,9,26,32,20,23,8,9,5,4,13,24,61,7,19,14,20,17,18,16,11,7,6,24
2013,141,3181,68,3329,59,0,24,65,5,21,15,20,16,24,13,13,12,4,11,22,55,6,23,9,9,9,26,16,21,12,1,14
2013,141,3246,84,3173,70,0,32,68,8,24,12,16,13,21,12,16,12,2,23,21,47,4,13,24,30,8,24,12,23,9,2,15
2013,141,3257,76,3345,63,0,27,58,7,17,15,21,16,22,15,21,14,3,13,24,57,4,16,11,13,12,20,12,22,13,3,16
2013,141,3261,71,3336,66,0,27,58,4,9,13,17,11,22,13,14,8,4,13,27,63,3,12,9,13,16,22,12,15,10,1,19
2013,141,3323,74,3234,57,0,25,67,6,16,18,21,21,24,15,15,7,2,14,24,60,0,11,9,11,13,23,11,21,5,6,18
2013,141,3390,73,3276,40,0,28,52,12,25,5,6,10,25,14,11,2,4,13,14,48,3,16,9,9,9,13,10,12,5,1,3
2013,145,3143,73,3261,63,0,22,58,3,11,26,41,16,26,13,11,12,2,14,26,67,1,12,10,13,16,25,12,16,3,5,26
2013,145,3163,76,3268,50,0,32,67,6,20,6,7,13,28,14,8,10,7,8,19,61,6,14,6,9,14,22,7,16,2,4,9
2013,145,3208,61,3390,59,0,22,63,6,21,11,20,15,27,8,7,5,0,8,25,66,5,18,4,6,15,31,8,10,3,1,15
2013,145,3246,69,3174,62,0,25,62,7,24,12,19,18,17,9,11,10,2,18,21,53,1,6,19,20,16,24,7,19,4,1,21
2013,146,3181,53,3304,45,0,21,64,4,16,7,9,12,34,10,9,7,10,10,20,66,3,24,2,2,12,33,12,12,5,5,12
2013,146,3257,82,3124,81,0,27,55,16,25,12,16,6,24,10,20,6,1,24,28,65,6,17,19,26,17,24,12,15,12,3,12
2013,146,3323,93,3242,63,0,37,69,6,13,13,17,17,26,25,10,8,8,11,26,67,2,10,9,10,15,17,16,12,5,3,11
2013,146,3397,74,3328,59,0,29,67,4,15,12,18,14,33,14,13,11,4,18,23,75,5,29,8,12,22,28,4,17,6,2,14
2013,147,3143,65,3208,62,1,24,70,5,21,12,24,26,28,7,9,5,5,12,23,63,4,17,12,18,16,25,9,11,7,3,19
2013,147,3163,83,3246,53,0,29,56,4,11,21,23,7,34,12,18,11,10,18,19,62,4,16,11,15,11,22,9,21,9,5,20
2013,148,3257,86,3397,78,0,30,66,8,23,18,21,14,24,12,15,6,2,19,29,65,5,24,15,24,15,23,10,15,10,2,19
2013,148,3323,87,3181,76,0,29,63,9,16,20,30,15,25,25,14,10,4,17,28,63,4,10,16,23,16,24,11,21,11,6,24
2013,153,3163,83,3323,65,0,29,62,6,14,19,21,18,23,16,22,12,12,18,22,74,4,13,17,20,28,15,16,19,13,5,19
2013,153,3257,64,3143,57,0,21,47,8,21,14,19,6,20,12,14,8,4,13,26,59,4,15,1,7,17,21,8,19,8,2,19
2013,155,3163,93,3257,60,0,35,66,13,26,10,14,13,31,24,17,13,7,11,23,62,5,23,9,10,8,20,13,17,10,4,12
2014,138,3113,69,3435,61,0,29,47,6,14,5,9,11,22,20,19,2,1,24,22,46,3,10,14,27,12,8,14,11,6,0,16
2014,138,3124,87,3443,74,0,30,60,6,18,21,31,15,28,24,9,5,4,19,28,59,8,20,10,13,5,19,21,7,5,1,24
2014,138,3140,72,3301,57,0,26,58,7,19,13,18,14,38,13,16,4,15,17,20,73,7,27,10,14,17,20,11,7,11,2,17
2014,138,3143,64,3200,63,0,25,62,1,8,13,16,16,19,16,9,7,7,12,25,49,7,13,6,8,5,22,17,16,2,1,17
2014,138,3177,104,3328,100,0,36,67,11,23,21,26,17,22,20,16,8,5,21,34,73,12,33,20,21,18,17,13,15,7,7,21
2014,138,3181,87,3457,45,0,34,63,6,15,13,17,16,33,21,13,13,7,11,15,55,9,23,6,7,7,16,11,17,6,1,16
2014,138,3199,55,3235,44,0,21,46,4,13,9,14,8,36,10,25,11,3,15,15,59,7,38,7,9,10,20,12,19,12,4,18
2014,138,3246,106,3460,60,0,44,80,7,14,11,15,18,49,19,22,4,12,22,19,83,3,18,19,32,21,19,2,13,9,4,14
2014,138,3304,74,3201,55,0,25,68,7,19,17,19,15,31,17,11,7,3,12,21,59,4,18,9,14,7,28,8,14,7,3,19
2014,138,3323,93,3352,42,0,38,64,10,18,7,10,15,30,23,13,8,4,18,14,52,7,21,7,11,10,12,9,17,6,1,11
2014,138,3329,61,3195,60,1,24,65,6,22,7,14,12,36,20,15,8,2,15,22,65,7,29,9,16,9,34,13,12,11,6,13
2014,138,3345,84,3103,55,0,36,67,8,20,4,6,17,33,27,18,5,6,15,20,64,3,18,12,16,13,15,14,12,10,3,10
2014,138,3385,71,3425,68,0,21,54,2,8,27,33,13,28,10,19,5,4,28,20,60,4,12,24,31,15,24,11,13,9,2,26
2014,138,3390,81,3377,62,0,34,71,10,29,3,6,16,25,25,8,4,4,15,24,55,6,18,8,11,7,23,14,13,5,2,17
2014,138,3393,59,3151,53,0,17,54,1,15,24,31,19,33,5,9,3,1,15,21,61,7,27,4,14,15,21,14,9,2,3,21
2014,138,3397,70,3322,46,0,25,62,3,11,17,18,17,30,18,12,5,4,12,19,53,3,19,5,8,6,21,11,14,6,1,18
2014,139,3163,87,3341,44,0,32,58,11,22,12,17,9,43,25,18,7,7,15,16,64,6,27,6,13,8,20,9,11,6,1,13
2014,139,3196,83,3173,69,0,30,64,5,20,18,23,15,26,14,18,10,1,15,26,57,6,20,11,14,5,21,13,18,9,5,18
2014,139,3234,87,3265,65,0,32,56,12,25,11,15,9,32,19,17,3,1,20,24,58,8,30,9,15,6,17,11,13,4,1,18
2014,139,3241,72,3211,63,0,23,63,4,18,22,25,13,34,15,10,5,6,18,23,70,4,20,13,18,16,28,18,11,6,5,18
2014,139,3257,88,3225,42,0,39,68,6,14,4,7,12,30,18,9,11,1,13,17,48,4,18,4,10,5,18,8,18,4,4,10
2014,139,3261,98,3210,78,0,35,70,4,10,24,30,21,36,14,23,6,7,18,30,76,4,22,14,17,12,18,10,15,14,5,23
2014,139,3268,90,3119,52,0,35,65,7,13,13,18,18,29,20,11,7,4,13,19,51,9,27,5,9,7,15,8,18,4,2,17
2014,139,3277,91,3214,61,0,32,61,6,18,21,28,10,44,18,20,8,9,17,22,81,2,18,15,21,18,24,6,12,10,3,22
2014,139,3314,60,3404,58,0,20,58,3,18,17,23,15,26,9,11,4,5,19,18,47,7,22,15,21,5,25,12,11,4,1,16
2014,139,3333,55,3292,36,0,18,55,10,28,9,13,14,35,13,13,6,10,16,14,61,2,17,6,13,17,24,4,12,7,2,17
2014,139,3336,62,3455,56,0,26,59,3,11,7,15,17,29,11,15,4,3,16,18,54,7,23,13,14,7,22,10,8,3,2,20
2014,139,3376,73,3169,58,0,22,50,2,9,27,42,15,37,17,11,1,8,16,21,68,5,15,11,15,13,23,8,5,3,4,28
2014,139,3386,67,3208,57,0,26,56,5,10,10,14,13,25,12,11,6,2,13,22,65,6,17,7,12,19,20,13,11,7,1,16
2014,139,3400,79,3335,61,0,29,56,3,9,18,18,12,32,11,18,6,1,19,25,66,5,17,6,10,13,15,12,10,5,5,17
2014,139,3401,70,3315,55,0,27,70,2,7,14,20,21,28,18,12,11,11,17,17,55,5,15,16,20,10,26,10,16,7,5,19
2014,139,3452,76,3107,61,0,23,54,5,22,25,34,12,27,9,15,9,4,25,23,50,1,6,14,29,9,24,12,16,6,1,26
2014,140,3124,75,3143,56,0,27,63,5,16,16,20,15,26,24,14,10,7,14,22,56,2,9,10,14,10,24,12,18,6,6,20
2014,140,3140,80,3304,76,0,28,55,10,23,14,20,8,32,17,15,3,6,19,25,66,6,21,20,23,9,22,14,6,7,2,18
2014,140,3177,74,3181,65,0,24,60,14,33,12,17,12,20,19,15,12,5,15,27,58,2,6,9,19,17,26,11,21,9,8,15
2014,140,3246,64,3393,59,0,21,58,4,12,18,28,16,22,12,15,15,6,19,21,63,5,25,12,16,18,23,6,23,4,4,24
2014,140,3323,84,3113,67,0,28,57,3,6,25,32,17,22,19,22,9,4,22,21,56,3,14,22,26,13,18,5,22,9,1,27
2014,140,3329,73,3345,66,0,24,56,3,10,22,32,11,30,14,16,9,4,19,23,61,5,16,15,23,14,26,14,18,9,4,22
2014,140,3390,63,3199,44,0,23,47,5,19,12,15,3,29,18,12,7,2,12,18,58,3,20,5,9,12,23,10,15,7,1,14
2014,140,3397,67,3385,51,0,24,53,2,4,17,25,12,28,10,15,11,4,16,19,54,3,10,10,19,13,22,16,18,6,1,23
2014,141,3163,91,3386,52,0,35,63,10,20,11,12,17,29,19,8,5,6,11,22,63,6,16,2,2,12,11,12,6,3,4,14
2014,141,3257,83,3234,53,0,26,49,9,19,22,25,6,30,14,19,11,1,26,19,57,1,16,14,20,13,18,7,19,7,2,23
2014,141,3261,76,3452,67,0,27,70,2,11,20,22,24,31,12,18,7,9,19,19,63,5,22,24,32,19,21,12,13,11,5,22
2014,141,3268,69,3400,64,0,25,58,2,7,17,22,15,27,17,16,5,1,18,21,58,8,21,14,17,12,21,12,14,7,4,22
2014,141,3314,62,3277,53,0,23,63,2,10,14,16,11,30,9,19,13,5,19,17,54,4,16,15,22,12,28,11,24,8,6,13
2014,141,3336,83,3196,61,0,27,58,6,17,23,27,14,24,14,16,11,3,13,23,50,6,21,9,15,6,19,11,20,8,2,19
2014,141,3376,78,3333,69,0,20,54,4,6,34,43,16,29,10,9,6,2,18,25,65,10,30,9,18,17,23,15,14,5,7,31
2014,141,3401,85,3241,69,0,29,58,3,8,24,37,11,31,23,11,4,2,19,24,65,2,16,19,21,10,26,12,10,6,6,27
2014,145,3124,90,3246,72,0,32,67,4,10,22,27,15,32,23,9,6,4,17,24,69,3,12,21,26,16,23,10,8,5,4,25
2014,145,3163,70,3140,51,0,26,66,3,19,15,23,20,27,13,10,11,10,9,21,57,6,20,3,7,12,26,12,18,3,6,19
2014,145,3323,89,3329,72,0,34,67,3,8,18,26,15,31,18,12,8,10,13,29,71,4,14,10,12,13,23,15,13,7,6,22
2014,145,3401,84,3177,65,0,33,55,0,2,18,27,8,30,13,18,10,3,21,25,62,4,20,11,18,11,18,12,17,5,5,21
2014,146,3257,73,3261,47,0,25,63,12,30,11,16,10,36,21,10,4,4,19,16,67,1,9,14,19,19,29,2,12,7,2,17
2014,146,3268,73,3397,62,0,27,70,5,18,14,19,19,23,9,16,13,0,25,19,53,4,11,20,27,14,26,7,22,7,5,18
2014,146,3314,65,3376,58,0,24,58,4,14,13,18,11,24,11,12,7,4,15,23,61,4,12,8,10,13,22,12,13,5,5,19
2014,146,3390,82,3336,57,0,30,64,5,19,17,21,13,28,14,9,8,1,14,21,58,4,12,11,16,10,23,6,15,7,4,18
2014,147,3163,69,3401,54,0,27,56,7,18,8,9,7,30,20,10,5,10,13,24,68,2,9,4,9,17,23,9,9,4,2,12
2014,147,3323,88,3124,69,0,28,66,2,11,30,33,14,32,13,11,8,4,19,24,71,6,17,15,18,18,26,13,17,3,3,27
2014,148,3268,76,3257,73,0,23,54,5,20,25,28,8,30,10,25,13,3,17,27,69,8,24,11,13,13,23,15,21,18,1,21
2014,148,3390,74,3314,65,0,29,58,9,20,7,11,6,28,14,13,5,3,12,25,60,9,22,6,9,8,24,10,13,4,2,17
2014,153,3163,75,3390,56,0,27,54,4,15,17,24,10,25,15,8,10,5,10,21,55,6,25,8,10,10,23,14,13,5,2,16
2014,153,3323,87,3268,61,0,32,63,3,10,20,28,19,31,15,16,5,2,16,22,54,3,12,14,20,4,17,16,13,11,3,22
2014,155,3163,79,3323,58,0,34,73,4,19,7,15,22,32,25,15,5,6,12,22,62,6,19,8,10,9,22,15,13,7,4,14
2015,137,3116,57,3321,55,0,21,66,4,17,11,19,20,22,18,10,10,4,11,22,49,4,11,7,8,6,31,18,19,6,4,17
2015,137,3124,77,3322,36,0,30,61,2,7,15,20,14,39,23,5,5,8,5,14,59,6,33,2,2,6,20,12,8,2,1,11
2015,137,3143,78,3455,66,0,28,54,5,15,17,25,9,29,17,15,5,1,15,24,59,6,19,12,15,6,21,9,13,6,0,14
2015,137,3173,78,3235,66,0,28,58,5,14,17,26,7,29,10,7,7,6,20,23,60,7,28,13,18,7,28,12,12,3,1,20
2015,137,3177,79,3278,72,0,29,72,8,34,13,15,13,17,20,11,14,2,16,26,52,5,15,15,19,12,32,15,28,9,2,15
2015,137,3181,54,3107,52,0,20,45,7,12,7,15,13,34,13,27,8,11,13,19,63,4,15,10,14,14,17,14,14,16,1,17
2015,137,3211,82,3203,69,0,22,52,9,18,29,34,10,29,16,17,10,7,25,22,75,5,19,20,32,29,22,14,19,10,5,24
2015,137,3234,75,3110,67,0,25,51,9,16,16,18,5,21,14,9,6,2,10,24,55,12,28,7,8,10,22,18,14,7,4,15
2015,137,3246,97,3398,52,0,29,59,8,19,31,42,16,36,17,17,18,7,19,18,69,7,24,9,13,15,19,12,26,9,1,27
2015,137,3274,86,3449,80,0,27,61,7,12,25,40,12,34,9,4,4,3,19,28,69,10,29,14,19,10,30,17,6,2,1,23
2015,137,3280,57,3408,47,0,20,56,2,11,15,21,16,27,11,16,8,8,22,13,47,5,18,16,25,13,21,10,20,10,4,20
2015,137,3323,77,3285,43,0,33,53,2,8,9,17,6,32,20,14,10,5,12,19,62,2,21,3,5,12,20,11,17,7,3,17
2015,137,3333,74,3355,62,0,24,54,7,19,19,26,8,30,16,12,9,9,15,26,60,4,18,6,11,8,23,11,12,6,3,22
2015,137,3376,81,3366,48,0,34,53,3,11,10,15,12,21,23,15,10,5,20,17,51,2,9,12,19,14,10,4,15,8,2,17
2015,137,3393,72,3304,69,0,28,69,6,21,10,21,17,25,14,8,10,4,18,25,58,7,21,12,18,13,28,15,19,3,7,20
2015,137,3400,66,3443,64,0,28,59,1,13,9,13,16,33,15,19,2,3,15,21,64,12,33,10,15,9,19,13,9,6,3,13
2015,138,3113,74,3325,55,0,25,45,8,16,16,25,8,23,19,17,13,6,19,19,51,4,16,13,21,14,17,11,18,8,6,18
2015,138,3114,69,3401,60,0,25,55,6,13,13,20,12,24,20,9,6,2,14,22,58,2,8,14,17,14,22,13,12,4,6,20
2015,138,3163,89,3383,33,0,40,57,5,13,4,8,10,34,26,13,6,9,8,13,60,7,28,0,0,11,10,7,14,6,1,12
2015,138,3195,75,3329,67,0,28,62,11,32,8,14,5,27,13,7,6,2,14,23,62,8,15,13,14,12,32,10,14,3,2,11
2015,138,3199,91,3106,49,0,31,59,4,9,25,29,12,25,22,15,18,5,9,18,56,7,18,6,9,14,17,9,32,7,3,22
2015,138,3257,86,3140,53,0,28,61,3,15,27,34,12,21,19,12,24,6,19,21,48,1,11,10,14,7,23,10,30,4,2,23
2015,138,3268,75,3308,57,0,26,53,5,17,18,21,13,32,16,20,7,3,7,22,58,5,21,8,9,4,16,9,11,13,4,18
2015,138,3314,71,3251,65,0,28,57,4,9,11,20,9,26,18,15,10,7,20,24,69,3,18,14,23,24,28,8,16,7,0,20
2015,138,3326,90,3241,80,0,30,62,4,16,26,34,6,35,16,13,9,7,17,30,79,11,29,9,10,13,31,19,15,6,4,23
2015,138,3328,111,3346,84,0,40,72,13,29,18,24,15,33,27,13,5,2,25,23,66,12,29,26,33,13,19,11,11,7,1,21
2015,138,3338,51,3151,40,0,19,43,1,9,12,15,5,31,12,14,5,6,11,17,65,4,23,2,3,18,19,6,10,4,3,11
2015,138,3343,80,3453,70,0,25,55,9,16,21,26,17,32,18,19,3,2,12,27,66,8,27,8,10,8,14,17,7,8,2,21
2015,138,3353,79,3371,66,0,26,55,7,13,20,29,12,33,15,20,6,4,23,23,64,8,23,12,23,14,19,15,15,8,3,24
2015,138,3378,73,3261,64,0,24,65,3,17,22,29,19,26,13,13,9,7,13,26,67,3,13,9,12,16,26,10,16,10,5,21
2015,138,3390,73,3169,60,0,25,49,4,11,19,25,6,30,11,14,5,6,9,25,69,6,24,4,5,14,19,6,12,8,3,19
2015,138,3397,72,3129,61,0,26,62,5,13,15,21,18,28,17,13,8,3,14,23,57,9,25,6,7,7,21,13,13,7,3,16
2015,139,3124,73,3116,44,0,24,49,4,10,21,28,13,32,22,16,8,11,18,15,61,2,16,12,19,17,15,11,9,10,1,20
2015,139,3173,99,3246,94,0,30,53,11,18,28,31,5,37,16,24,1,9,31,33,76,4,13,24,38,15,19,12,5,11,4,25
2015,139,3181,64,3280,56,0,24,46,4,11,12,27,12,30,16,17,5,7,16,18,59,10,31,10,13,12,19,11,11,5,9,24
2015,139,3211,76,3333,64,0,29,58,2,9,16,21,15,22,10,13,11,2,14,21,51,9,27,13,20,11,19,13,18,8,4,19
2015,139,3234,88,3274,70,0,30,57,5,9,23,33,12,32,17,14,6,3,14,29,73,5,21,7,11,14,21,10,14,8,3,24
2015,139,3323,79,3177,67,0,29,64,7,15,14,18,15,36,19,18,8,6,10,25,70,10,34,7,9,10,22,15,12,6,2,17
2015,139,3376,97,3393,68,0,32,58,8,19,25,31,9,31,20,12,5,4,19,21,63,8,26,18,23,13,22,8,13,3,4,24
2015,139,3400,73,3143,70,0,28,59,1,8,16,22,9,26,15,14,9,3,18,24,60,11,25,11,16,12,22,16,20,6,1,17
2015,140,3113,57,3114,54,0,21,56,2,10,13,15,18,23,16,17,4,2,9,25,60,1,9,3,4,13,19,12,15,11,2,18
2015,140,3163,91,3353,55,0,32,66,11,24,16,22,16,37,23,16,9,5,10,25,73,1,9,4,6,11,19,7,14,5,2,17
2015,140,3199,65,3195,47,0,25,54,5,18,10,14,11,35,12,17,4,2,14,17,55,7,25,6,9,4,19,11,11,7,4,12
2015,140,3257,60,3378,52,0,22,66,4,11,12,14,20,25,13,11,8,7,17,17,48,7,17,11,13,7,25,9,16,5,8,15
2015,140,3268,85,3343,70,0,31,58,12,20,11,15,11,24,14,12,2,2,11,29,63,4,17,8,10,11,18,11,9,9,2,13
2015,140,3314,86,3326,84,0,34,73,8,17,10,16,13,32,19,16,6,4,19,32,69,5,20,15,16,6,28,14,12,11,1,16
2015,140,3390,86,3328,76,0,24,46,8,17,30,38,8,31,10,20,5,7,21,28,72,6,23,14,19,16,20,11,13,9,1,28
2015,140,3397,77,3338,67,0,27,67,5,13,18,24,21,25,17,13,5,3,13,25,58,4,13,13,19,9,20,8,12,8,6,19
2015,144,3124,81,3234,66,0,31,66,3,10,16,18,14,31,22,8,3,5,9,28,69,7,23,3,7,12,23,15,9,4,6,17
2015,144,3199,66,3113,65,0,28,57,3,6,7,12,12,18,10,20,11,3,18,21,43,5,12,18,22,6,20,12,23,11,2,15
2015,144,3323,81,3390,60,0,32,65,4,9,13,13,11,28,11,9,9,4,12,23,65,5,15,9,13,17,22,10,14,6,4,11
2015,144,3376,67,3314,65,0,20,46,7,16,20,28,8,29,14,15,4,5,17,23,62,4,13,15,20,13,23,9,9,8,4,22
2015,145,3163,105,3400,54,0,39,70,13,31,14,15,14,28,22,6,13,10,14,22,64,3,13,7,10,17,18,13,18,2,5,14
2015,145,3173,82,3257,66,0,27,53,2,10,26,30,10,31,8,19,5,7,19,23,73,1,15,19,23,22,17,11,11,10,2,24
2015,145,3268,65,3181,55,0,23,52,8,19,11,13,11,22,17,13,4,2,10,21,50,3,9,10,10,6,18,8,14,8,1,15
2015,145,3397,73,3211,69,1,23,71,6,19,21,22,21,22,8,11,5,3,18,28,61,4,9,9,13,15,28,14,17,5,7,21
2015,146,3323,77,3124,68,0,30,63,5,7,12,24,16,27,16,11,6,7,12,29,69,3,9,7,9,14,24,19,11,8,1,18
2015,146,3376,80,3199,74,0,30,49,2,5,18,27,7,21,14,12,6,5,18,25,59,8,16,16,21,16,17,13,12,4,1,26
2015,147,3163,91,3173,70,0,34,69,9,20,14,19,18,23,13,10,7,5,10,28,62,10,19,4,5,10,21,12,16,4,5,16
2015,147,3268,58,3397,48,0,21,53,5,12,11,13,11,30,11,13,3,5,10,22,68,4,22,0,1,17,23,9,11,8,4,16
2015,153,3163,81,3268,58,0,29,54,8,22,15,18,10,25,17,9,5,7,13,24,59,5,19,5,6,11,17,13,13,4,1,17
2015,153,3323,66,3376,65,0,26,64,2,5,12,14,10,27,16,10,7,6,17,28,65,2,12,7,16,16,29,13,13,7,6,13
2015,155,3163,63,3323,53,0,25,61,8,23,5,7,11,23,13,12,10,6,10,21,63,3,11,8,8,19,26,11,17,5,4,9
2016,137,3107,61,3196,59,0,25,50,1,4,10,16,6,22,12,20,11,2,20,19,54,3,19,18,25,18,21,11,25,10,3,19
2016,137,3113,74,3308,52,0,30,57,7,15,7,10,10,24,18,18,13,4,18,19,56,4,20,10,14,14,18,5,21,10,3,18
2016,137,3120,68,3385,57,0,27,58,3,12,11,22,15,19,17,17,13,4,17,22,46,5,10,8,13,7,21,11,25,4,0,19
2016,137,3124,89,3225,59,0,37,74,9,22,6,9,18,36,27,12,4,9,8,24,72,9,43,2,5,13,18,14,9,5,1,9
2016,137,3177,97,3241,67,0,37,69,11,21,12,20,15,40,24,12,5,2,19,22,72,4,17,19,28,16,23,7,7,5,6,19
2016,137,3243,56,3203,51,0,21,55,4,16,10,21,9,24,18,15,7,10,23,15,58,0,10,21,27,19,31,12,21,4,11,20
2016,137,3257,87,3146,60,0,34,62,3,10,16,21,11,30,22,10,7,6,14,23,70,7,20,7,10,18,20,14,11,3,1,17
2016,137,3277,74,3125,60,0,31,66,5,13,7,10,12,27,10,10,5,3,15,22,56,6,18,10,14,7,25,12,9,4,2,12
2016,137,3280,60,3151,50,0,21,63,3,12,15,20,24,20,10,17,6,4,19,20,51,2,13,8,9,8,21,9,19,6,2,18
2016,137,3326,88,3138,69,0,33,63,8,17,14,26,9,36,19,15,6,10,19,22,74,9,28,16,22,19,28,11,16,4,2,24
2016,137,3333,73,3407,31,0,29,69,5,23,10,16,14,51,24,18,11,8,5,12,74,3,22,4,9,12,30,6,14,7,5,18
2016,137,3376,77,3239,41,0,29,64,3,15,16,24,14,30,13,10,14,4,10,14,50,4,12,9,9,5,25,6,21,4,5,23
2016,137,3382,65,3329,54,0,23,46,6,16,13,18,5,28,12,18,10,2,23,15,44,6,15,18,29,6,22,12,17,6,4,18
2016,137,3393,73,3119,56,0,25,70,6,30,17,22,23,23,9,14,12,6,22,20,55,6,22,10,18,16,23,15,23,11,4,23
2016,137,3397,59,3453,53,0,21,55,3,12,14,19,10,28,13,10,4,3,16,20,60,3,17,10,12,14,26,6,11,7,1,18
2016,137,3452,74,3343,65,0,24,61,6,22,20,25,11,27,14,9,9,8,15,26,61,5,18,8,11,9,28,11,13,3,5,23
2016,138,3163,101,3352,49,0,33,59,10,18,25,27,11,23,20,12,21,5,9,18,47,9,20,4,6,7,16,10,29,5,2,20
2016,138,3182,97,3371,76,0,34,70,9,21,20,23,14,29,19,15,10,3,12,29,72,11,32,7,8,14,23,13,19,10,6,19
2016,138,3199,72,3292,55,0,27,55,5,10,13,19,14,27,15,21,11,3,18,22,53,2,12,9,12,6,16,16,17,8,2,18
2016,138,3231,62,3208,58,0,21,53,4,14,16,26,8,29,10,14,6,3,12,25,64,7,24,1,5,11,29,20,17,3,7,21
2016,138,3246,85,3421,31,0,33,66,8,16,11,14,15,35,17,10,8,7,11,13,63,3,25,2,5,14,17,4,15,4,3,17
2016,138,3268,74,3233,58,0,28,48,3,6,15,19,10,32,17,19,9,1,14,21,65,10,30,6,7,13,12,12,11,9,1,17
2016,138,3281,78,3140,69,0,25,44,5,15,23,28,5,25,15,19,6,0,23,25,53,4,17,15,18,4,16,6,14,8,2,30
2016,138,3323,95,3299,61,0,34,58,6,12,21,29,11,35,29,21,9,4,21,22,67,7,23,10,23,16,16,13,19,14,0,24
2016,138,3328,61,3345,45,0,22,51,6,16,11,14,6,33,11,16,6,13,13,18,64,4,11,5,13,16,23,11,13,5,3,13
2016,138,3355,74,3274,71,0,25,58,8,18,16,27,14,36,12,22,7,3,17,28,76,6,21,9,16,17,22,13,10,14,6,22
2016,138,3378,48,3161,45,0,18,60,3,18,9,14,14,26,8,7,5,1,10,19,53,6,19,1,2,7,30,11,13,4,3,17
2016,138,3390,85,3362,58,0,31,60,8,19,15,19,14,35,20,17,4,7,21,20,61,2,14,16,24,7,15,10,10,5,3,24
2016,138,3400,86,3106,42,0,32,69,6,19,16,20,16,34,13,11,11,7,14,12,54,6,17,12,16,9,20,9,17,3,2,22
2016,138,3401,74,3283,65,0,29,63,3,5,13,19,18,37,11,24,2,7,18,24,71,6,19,11,20,15,20,10,12,14,2,18
2016,138,3417,66,3218,50,0,26,59,3,8,11,16,11,31,15,18,8,8,25,12,60,4,23,22,30,20,25,11,17,6,4,19
2016,138,3449,65,3335,53,0,25,66,7,25,8,14,13,27,16,6,11,3,10,20,55,7,23,6,8,8,30,14,17,2,6,11
2016,139,3124,84,3120,52,0,30,64,6,20,18,21,13,35,25,13,12,11,13,20,68,3,19,9,12,14,22,12,15,5,1,20
2016,139,3177,73,3257,72,0,25,53,8,18,15,23,8,21,14,9,2,2,18,29,61,7,18,7,12,13,24,14,11,6,1,22
2016,139,3280,74,3277,72,0,23,60,7,21,21,28,16,21,12,16,10,4,25,21,47,6,11,24,31,9,24,11,21,8,2,26
2016,139,3326,88,3452,81,0,26,70,10,19,26,33,13,24,9,9,10,5,11,31,65,9,22,10,13,13,33,13,27,1,11,22
2016,139,3333,69,3382,40,0,25,60,8,26,11,19,17,31,14,8,2,5,11,14,55,4,13,8,10,11,22,9,9,3,4,17
2016,139,3376,73,3243,47,0,26,60,6,22,15,26,18,29,11,11,9,6,15,18,56,2,14,9,13,12,20,9,16,7,2,19
2016,139,3393,76,3107,59,0,22,56,8,27,24,35,11,26,13,17,11,3,18,18,54,2,11,21,32,15,28,14,23,10,1,22
2016,139,3397,75,3113,64,0,29,56,1,4,16,18,11,25,11,12,8,3,18,23,59,8,20,10,12,13,17,15,13,6,1,22
2016,140,3163,97,3182,51,0,37,72,10,22,13,18,19,32,18,9,7,7,9,19,65,9,30,4,6,13,18,8,14,4,1,14
2016,140,3199,74,3401,56,0,26,65,6,20,16,18,18,26,13,14,8,3,15,24,62,3,13,5,6,12,23,14,16,4,5,22
2016,140,3246,79,3328,58,0,22,58,6,13,29,38,11,30,12,10,3,8,17,18,66,6,22,16,19,17,23,11,13,4,5,26
2016,140,3323,87,3231,70,0,34,62,4,10,15,18,11,19,18,14,10,5,14,27,57,7,16,9,11,10,18,16,20,8,3,21
2016,140,3390,66,3355,65,0,25,56,6,18,10,22,11,27,18,11,5,7,13,26,63,6,16,7,13,12,22,11,7,6,3,19
2016,140,3400,73,3281,55,0,30,73,8,19,5,11,21,26,20,13,12,3,19,16,51,8,28,15,17,9,24,10,18,7,3,17
2016,140,3417,72,3378,67,0,27,69,5,13,13,21,21,30,15,14,10,3,19,23,67,6,18,15,17,16,26,7,14,6,1,18
2016,140,3449,74,3268,65,0,23,59,8,29,20,22,7,33,12,12,11,2,10,25,67,10,28,5,5,9,29,13,15,9,2,17
2016,144,3390,90,3323,84,0,33,59,11,20,13,18,9,19,22,7,4,3,13,34,69,4,6,12,13,15,19,15,8,2,4,18
2016,144,3393,80,3376,72,0,29,76,8,23,14,21,24,23,7,10,5,3,15,28,63,8,32,8,14,15,27,21,18,8,5,23
2016,144,3397,78,3326,62,0,31,62,2,7,14,18,17,36,21,18,4,1,12,22,67,8,30,10,13,10,16,10,7,12,3,20
2016,144,3449,85,3246,72,0,33,67,11,28,8,16,5,37,16,7,4,4,13,32,80,5,21,3,9,13,31,13,7,3,1,18
2016,145,3124,78,3199,58,0,28,58,5,9,17,24,12,26,17,17,10,7,18,21,60,6,14,10,18,16,22,12,21,10,5,24
2016,145,3163,98,3280,38,0,37,59,6,14,18,24,10,34,26,10,12,9,12,18,63,0,14,2,7,14,15,10,18,6,0,19
2016,145,3333,83,3177,71,0,33,65,10,25,7,10,17,25,22,10,7,4,15,27,66,11,27,6,9,14,17,18,8,9,1,13
2016,145,3400,72,3417,64,0,27,66,3,10,15,20,14,32,10,17,8,2,23,19,63,2,14,24,32,16,24,9,14,9,5,21
2016,146,3393,89,3397,67,0,32,69,14,30,11,17,15,19,13,7,13,3,19,24,61,6,22,13,19,22,24,15,21,4,3,17
2016,146,3449,85,3390,76,0,29,59,8,19,19,22,5,32,12,9,5,8,16,25,73,14,33,12,13,17,22,16,10,3,1,20
2016,147,3163,86,3400,65,0,31,55,12,21,12,14,6,23,24,13,4,5,8,26,64,8,25,5,8,16,18,13,14,10,2,19
2016,147,3333,60,3124,57,0,19,47,7,18,15,18,12,27,13,19,3,6,15,25,65,1,5,6,14,17,16,10,8,11,5,17
2016,153,3163,80,3333,51,0,34,60,9,17,3,5,9,24,19,10,8,5,13,18,54,6,19,9,9,12,19,8,18,5,6,15
2016,153,3393,80,3449,59,0,30,71,12,33,8,11,17,29,17,10,11,4,12,20,52,11,25,8,10,4,24,15,18,5,6,16
2016,155,3163,82,3393,51,0,28,54,6,19,20,23,11,32,22,17,5,4,10,22,62,2,19,5,10,11,16,6,12,7,2,19
2017,137,3113,73,3277,61,0,28,57,8,18,9,12,9,22,21,10,6,1,19,22,45,6,13,11,16,4,21,8,17,2,2,20
2017,137,3166,76,3405,49,0,26,55,10,23,14,19,9,33,15,11,7,6,19,20,62,2,10,7,13,12,21,10,10,6,2,20
2017,137,3177,88,3320,67,0,36,68,11,24,5,8,15,25,21,16,4,3,21,22,55,4,16,19,24,10,19,9,12,5,4,11
2017,137,3199,87,3442,66,0,35,69,2,9,15,22,19,35,14,19,11,7,16,23,61,11,24,9,15,6,17,12,16,10,1,17
2017,137,3246,73,3125,70,0,26,56,7,15,14,19,10,18,18,7,4,2,12,27,59,9,20,7,9,11,22,14,13,2,4,20
2017,137,3268,103,3137,61,0,42,72,4,11,15,22,17,23,22,5,13,5,15,20,54,5,22,16,19,12,18,10,20,3,1,18
2017,137,3280,110,3407,69,0,36,82,12,22,26,39,27,34,22,21,11,7,21,25,80,5,31,14,20,23,25,16,28,5,2,29
2017,137,3281,66,3378,64,0,24,55,8,24,10,12,13,23,10,14,3,5,21,20,53,8,17,16,22,14,19,11,11,5,2,17
2017,137,3301,62,3120,48,0,20,53,7,28,15,15,10,36,9,20,3,1,19,15,61,2,17,16,20,12,20,8,10,10,3,21
2017,137,3323,79,3352,49,0,32,61,4,12,11,13,15,37,17,16,6,7,15,17,64,7,24,8,8,8,15,7,9,8,1,14
2017,137,3326,70,3443,63,0,27,63,8,20,8,15,10,33,21,19,4,9,21,22,76,9,37,10,15,18,26,9,11,7,7,19
2017,137,3333,56,3253,55,0,23,53,2,16,8,11,13,31,15,13,6,10,8,20,59,10,18,5,7,9,20,11,8,6,2,20
2017,137,3345,74,3453,62,0,21,41,6,12,26,30,10,29,14,23,8,5,16,23,70,10,36,6,7,18,9,14,12,11,5,25
2017,137,3376,90,3421,40,0,37,65,4,18,12,16,17,28,20,5,10,3,15,15,58,5,15,5,8,13,13,6,14,2,1,14
2017,137,3400,78,3146,50,0,31,60,4,8,12,18,20,35,13,21,4,11,18,20,63,3,8,7,10,11,12,4,10,7,0,15
2017,137,3452,75,3189,62,0,27,57,8,17,13,15,6,32,20,11,5,0,15,24,61,4,15,10,13,6,23,12,13,6,1,15
2017,138,3124,119,3411,30,0,48,76,9,18,14,17,18,42,35,14,8,11,14,8,58,4,20,10,15,8,11,5,21,3,2,17
2017,138,3143,55,3261,52,0,20,45,7,18,8,9,9,26,15,20,3,6,13,21,63,2,8,8,14,19,16,11,9,7,3,12
2017,138,3163,116,3107,55,0,43,69,13,26,17,20,12,32,34,10,12,7,14,21,65,4,22,9,12,14,15,11,19,3,1,17
2017,138,3181,94,3214,31,0,34,55,4,8,22,25,9,39,23,19,17,9,15,12,66,3,24,4,12,15,12,6,21,14,0,22
2017,138,3243,67,3179,54,0,26,55,8,21,7,10,14,27,21,19,11,5,11,19,52,7,24,9,14,9,17,14,17,13,1,13
2017,138,3257,82,3151,62,0,36,59,7,12,3,8,9,25,28,12,8,2,19,21,56,10,27,10,12,12,17,11,15,4,1,13
2017,138,3274,62,3195,60,0,22,52,1,14,17,20,11,30,8,20,6,3,16,24,64,9,34,3,6,9,17,14,12,6,1,21
2017,138,3328,75,3211,62,0,23,53,10,23,19,21,7,28,10,17,5,11,18,24,71,3,18,11,15,19,25,13,13,7,3,19
2017,138,3332,71,3396,70,0,30,67,4,16,7,13,16,24,16,10,6,7,9,29,71,4,16,8,11,17,24,13,10,6,0,11
2017,138,3346,68,3266,65,0,28,53,3,13,9,14,3,23,20,12,8,4,14,25,58,4,11,11,13,9,24,14,14,6,0,14
2017,138,3390,72,3308,64,0,26,62,8,21,12,14,17,22,18,16,12,12,15,22,52,8,16,12,17,10,20,11,17,7,1,15
2017,138,3393,85,3235,65,0,28,67,15,29,14,18,15,26,18,12,14,3,16,24,63,8,27,9,12,14,25,15,18,6,4,13
2017,138,3397,66,3173,57,0,22,52,0,5,22,33,10,33,9,9,6,4,12,21,65,4,20,11,14,12,27,11,8,3,2,22
2017,138,3401,63,3335,61,0,20,66,3,11,20,26,21,24,12,7,8,1,15,23,53,7,20,8,10,8,26,17,12,3,4,18
2017,138,3417,83,3129,56,0,32,55,10,17,9,18,9,28,24,13,11,7,14,21,70,7,29,7,8,22,17,7,16,3,1,12
2017,138,3449,91,3286,63,0,31,76,7,29,22,27,15,36,8,6,9,4,16,22,68,7,34,12,14,10,30,10,14,4,3,24
2017,139,3199,77,3281,55,0,24,52,7,14,22,30,9,26,11,17,12,2,17,21,56,5,20,8,10,10,19,10,23,9,1,27
2017,139,3268,83,3452,56,0,34,65,8,14,7,12,15,24,16,14,13,5,17,20,63,3,10,13,16,18,20,10,18,6,6,16
2017,139,3280,92,3177,71,0,31,63,4,12,26,30,16,32,14,11,7,1,17,27,66,10,29,7,11,9,17,15,12,3,2,28
2017,139,3323,88,3345,82,1,34,72,6,12,14,17,15,26,21,11,9,3,18,30,68,5,15,17,21,13,26,20,11,5,5,16
2017,139,3326,82,3246,68,0,33,73,6,23,10,18,11,32,20,6,7,10,19,25,73,3,17,15,19,17,33,12,12,2,5,15
2017,139,3333,64,3166,52,0,26,61,4,15,8,12,15,30,14,10,2,6,10,22,60,2,10,6,9,10,22,6,6,3,2,13
2017,139,3376,71,3113,68,0,22,50,4,12,23,28,7,22,11,12,10,5,20,24,59,5,11,15,20,14,22,14,15,8,0,23
2017,139,3400,84,3301,80,0,30,66,5,13,19,23,15,26,11,19,3,8,25,26,58,2,11,26,29,7,21,4,14,7,0,27
2017,140,3124,86,3143,46,0,34,71,6,17,12,19,14,33,28,13,13,4,11,17,58,3,13,9,11,9,27,9,24,3,1,16
2017,140,3163,94,3393,64,0,33,53,12,23,16,20,25,32,30,10,8,4,9,26,60,8,20,4,5,9,16,8,9,5,0,15
2017,140,3257,75,3397,64,0,29,66,7,16,10,16,8,3,16,11,6,1,21,20,60,5,18,19,27,12,31,11,13,4,4,18
2017,140,3332,74,3181,65,0,26,58,9,26,13,19,10,23,20,12,6,4,11,26,67,2,15,11,14,17,24,15,13,9,7,18
2017,140,3346,85,3274,78,0,28,60,15,26,14,20,9,25,24,13,6,5,23,27,64,5,11,19,27,13,26,14,11,8,5,20
2017,140,3390,69,3243,48,0,26,57,8,19,9,12,12,27,23,14,8,3,17,19,49,4,15,6,11,5,20,12,15,3,1,10
2017,140,3417,75,3401,43,0,30,53,10,24,5,8,8,24,23,9,8,6,10,18,58,2,14,5,8,18,15,6,14,5,1,12
2017,140,3449,108,3328,82,0,36,63,18,30,18,28,11,23,20,8,4,6,16,32,69,12,26,6,8,13,17,14,12,3,5,22
2017,144,3124,97,3257,63,0,35,70,6,18,21,26,17,35,15,10,7,6,18,21,70,7,21,14,18,16,20,9,12,3,2,20
2017,144,3280,75,3449,64,0,31,75,3,16,10,12,21,28,17,7,4,9,17,24,62,8,22,8,11,10,24,8,10,3,2,14
2017,144,3323,99,3326,76,0,34,65,12,24,19,20,10,32,23,11,4,1,14,30,71,9,24,7,10,10,20,23,12,4,2,17
2017,144,3390,77,3400,66,0,25,59,7,22,20,30,13,28,17,14,4,3,17,26,65,4,13,10,15,10,25,19,9,4,5,24
2017,145,3163,86,3417,71,0,30,54,9,20,17,26,12,28,20,14,2,3,13,26,68,9,27,10,14,14,18,14,6,8,2,24
2017,145,3199,66,3333,53,0,27,66,0,5,12,16,11,24,9,9,16,2,12,20,55,2,17,11,13,11,31,11,23,4,8,18
2017,145,3332,77,3268,63,0,28,61,6,15,15,16,13,18,14,17,11,1,15,26,57,0,6,11,17,14,18,9,21,11,7,20
2017,145,3376,100,3346,58,0,36,59,10,16,18,19,10,25,21,13,8,4,12,22,51,6,13,8,10,5,13,11,17,6,2,19
2017,146,3280,94,3124,85,1,32,74,10,20,20,24,13,21,14,4,6,3,19,32,60,5,15,16,22,10,30,16,17,1,10,19
2017,146,3390,76,3323,75,0,28,59,12,26,8,10,7,26,22,11,3,7,12,29,65,6,21,11,15,8,24,11,4,7,1,12
2017,147,3163,90,3332,52,0,36,66,7,19,11,15,12,24,21,6,16,6,7,22,52,5,10,3,4,6,20,12,22,2,5,12
2017,147,3376,71,3199,64,0,26,45,3,10,16,20,2,29,8,18,7,5,11,26,71,2,15,10,13,18,18,12,11,10,1,18
2017,151,3280,66,3163,64,1,25,67,6,22,10,13,14,23,11,14,8,1,23,20,46,7,15,17,25,6,25,11,17,4,8,15
2017,151,3376,62,3390,53,0,23,63,3,13,13,21,20,23,10,14,6,5,11,23,62,4,14,3,5,16,25,13,16,8,5,16
2017,153,3376,67,3280,55,0,25,55,0,3,17,22,13,27,7,11,6,8,14,19,55,2,12,15,18,9,18,8,10,4,3,19
2018,137,3124,96,3212,46,0,37,71,5,13,17,24,23,37,21,13,10,11,11,17,67,5,26,7,11,13,13,7,16,7,2,16
2018,137,3177,90,3328,79,0,30,58,12,24,18,25,7,34,26,15,6,3,23,25,61,4,19,25,33,9,24,15,12,9,2,19
2018,137,3257,74,3129,42,0,30,62,2,10,12,17,12,39,18,17,8,3,16,14,59,4,30,10,16,9,21,7,16,6,2,19
2018,137,3266,84,3173,65,0,30,68,12,26,12,18,14,22,15,10,11,2,20,22,57,3,13,18,23,15,27,5,19,4,3,18
2018,137,3268,77,3343,57,0,28,60,7,14,14,18,16,27,16,16,7,0,18,20,53,4,20,13,16,7,18,15,16,8,4,18
2018,137,3276,75,3294,61,0,28,49,2,4,17,23,8,25,11,19,6,2,16,21,50,6,19,13,15,4,14,13,17,8,3,20
2018,137,3278,89,3453,77,0,27,59,10,18,25,29,9,24,11,9,8,1,14,28,71,9,29,12,16,18,21,21,12,4,4,24
2018,137,3301,62,3189,35,0,22,52,7,17,11,17,7,35,10,13,8,5,16,12,51,5,16,6,16,9,27,8,17,7,3,16
2018,137,3323,99,3169,81,0,40,73,9,17,10,14,15,21,28,8,12,1,7,35,66,9,20,2,3,11,20,23,16,6,7,15
2018,137,3332,88,3370,45,0,37,70,5,17,9,11,13,32,23,9,9,4,11,20,62,1,19,4,4,7,19,8,13,3,0,14
2018,137,3333,82,3443,58,0,26,57,10,23,20,24,14,34,19,12,2,3,15,20,61,8,22,10,16,8,19,9,6,7,3,18
2018,137,3376,63,3299,52,0,20,52,4,12,19,22,8,34,7,19,9,8,13,17,58,7,17,11,16,9,23,10,13,10,3,17
2018,137,3397,100,3251,60,0,37,60,4,12,22,36,11,34,24,18,10,4,16,23,66,6,21,8,13,11,18,12,21,6,0,27
2018,137,3401,89,3179,76,0,36,68,7,16,10,11,9,21,19,11,14,0,6,33,62,8,24,2,3,7,22,29,18,4,2,17
2018,137,3437,81,3355,74,1,25,61,16,38,15,25,11,30,18,9,2,3,19,27,57,3,16,17,22,4,30,13,9,6,5,21
2018,137,3438,68,3143,62,0,26,66,7,19,9,10,12,19,20,6,8,5,12,25,56,7,17,5,8,10,28,14,15,4,5,20
2018,138,3113,73,3304,62,0,23,60,4,19,23,31,21,28,9,11,6,3,17,19,51,8,25,16,24,8,19,6,9,3,5,21
2018,138,3138,102,3378,79,0,33,62,14,27,22,24,11,21,17,12,6,4,13,32,63,7,23,8,9,10,19,11,16,4,0,21
2018,138,3141,78,3261,69,0,28,56,7,19,15,17,14,26,13,12,2,1,14,28,69,2,14,11,12,14,13,10,2,6,3,15
2018,138,3163,140,3384,52,0,59,91,8,19,14,19,15,54,38,10,12,4,7,18,81,10,57,6,8,10,20,9,18,6,3,17
2018,138,3166,76,3234,70,0,25,58,9,24,17,25,10,18,16,7,4,5,15,26,56,3,12,15,17,12,27,17,14,2,3,20
2018,138,3181,72,3125,58,0,23,55,4,14,22,28,14,22,13,8,9,4,15,21,54,11,28,5,10,13,21,13,17,2,4,22
2018,138,3195,80,3281,70,0,25,51,7,17,23,37,7,25,12,9,5,0,26,21,52,4,24,24,28,8,28,13,16,6,3,30
2018,138,3199,91,3114,49,0,35,60,3,9,18,29,15,27,12,11,9,2,14,17,47,3,11,12,14,4,16,8,16,2,0,22
2018,138,3208,68,3273,63,0,24,53,1,3,19,23,12,33,18,17,4,2,20,21,66,4,13,17,22,15,19,11,9,9,3,19
2018,138,3280,95,3311,50,0,31,62,9,19,24,30,14,37,18,16,5,4,12,18,65,6,25,8,10,9,20,8,14,6,2,26
2018,138,3326,87,3203,45,0,33,59,5,14,16,21,13,38,20,14,7,6,10,18,66,5,23,4,6,10,16,8,11,9,1,16
2018,138,3329,84,3393,57,0,29,62,13,23,13,18,13,32,18,14,8,1,10,21,63,12,35,3,7,12,20,11,17,4,3,16
2018,138,3346,86,3274,72,0,28,61,10,31,20,25,12,20,16,14,8,4,22,27,60,2,7,16,28,17,23,11,17,7,3,25
2018,138,3390,82,3211,68,0,30,59,11,22,11,20,17,25,16,18,8,8,21,23,56,5,17,17,19,9,18,8,14,10,1,18
2018,138,3400,83,3263,54,0,34,55,6,8,9,10,10,33,19,20,4,2,15,20,55,3,19,11,14,3,9,6,11,8,2,12
2018,138,3417,71,3110,60,0,26,60,8,15,11,14,11,22,20,8,9,3,14,24,56,9,23,3,8,12,24,19,15,4,3,12
2018,139,3124,80,3276,58,0,32,71,3,8,13,21,21,28,19,9,12,9,8,23,59,8,20,4,5,9,21,12,19,2,2,14
2018,139,3257,90,3266,72,0,40,63,4,13,6,7,10,32,27,15,3,6,15,28,68,6,22,10,17,12,14,15,7,7,1,14
2018,139,3301,74,3268,60,0,25,56,7,14,17,27,12,27,12,14,7,2,16,22,59,0,5,16,23,13,22,7,13,8,4,25
2018,139,3323,98,3437,72,0,36,69,3,8,23,28,19,29,13,7,5,3,14,25,54,10,20,12,21,4,15,8,9,5,2,20
2018,139,3332,101,3278,73,0,39,64,11,22,12,17,11,31,27,11,7,6,10,28,66,12,28,5,8,7,14,20,9,4,0,16
2018,139,3333,66,3397,59,0,21,46,5,19,19,23,6,31,13,13,5,4,12,24,71,5,22,6,10,17,22,13,8,8,1,19
2018,139,3376,66,3438,56,0,23,54,5,13,15,23,11,30,16,10,6,5,16,18,57,7,20,13,18,11,20,10,11,4,4,18
2018,139,3401,80,3177,79,0,26,66,7,15,21,29,20,26,7,9,4,2,9,30,67,12,31,7,9,10,24,24,7,3,2,21
2018,140,3138,86,3199,65,0,27,57,5,21,27,30,14,22,10,16,10,3,18,23,68,3,25,16,22,22,15,11,17,7,1,24
2018,140,3141,95,3326,78,0,28,62,14,27,25,27,13,33,14,12,5,3,17,29,73,11,29,9,14,14,21,14,12,9,5,19
2018,140,3163,71,3346,46,0,26,44,6,12,13,14,5,28,18,13,3,6,14,17,56,4,24,8,9,7,14,9,7,7,1,14
2018,140,3181,66,3208,40,0,25,50,4,11,12,15,10,33,10,21,11,3,11,16,68,1,17,7,14,21,18,8,16,10,7,15
2018,140,3280,71,3329,56,0,28,67,3,10,12,15,13,28,12,6,4,2,13,20,51,5,17,11,13,4,27,12,12,2,6,17
2018,140,3390,90,3195,70,0,31,61,9,17,19,26,16,36,17,18,7,7,14,24,65,17,47,5,6,4,14,18,10,6,1,22
2018,140,3400,85,3113,65,0,37,60,3,10,8,10,10,30,14,17,1,1,21,23,59,4,14,15,20,5,14,13,9,6,0,15
2018,140,3417,86,3166,64,0,30,62,8,19,18,23,15,22,15,10,12,4,19,21,51,11,27,11,12,7,20,18,18,1,1,21
2018,144,3257,86,3390,59,0,33,64,6,17,14,18,14,20,17,11,9,2,12,23,53,5,16,8,11,10,19,11,19,7,5,15
2018,144,3280,71,3301,57,0,28,53,3,11,12,13,5,23,14,9,4,7,16,20,52,3,11,14,20,10,20,7,12,2,4,11
2018,144,3333,72,3124,67,0,24,53,9,20,15,19,8,30,19,14,4,3,15,28,71,3,17,8,11,15,22,20,9,7,7,15
2018,144,3417,84,3400,75,0,35,69,3,11,11,20,12,26,13,15,12,2,14,32,63,7,16,4,8,7,27,18,21,9,1,17
2018,145,3163,72,3181,59,0,28,62,8,21,8,16,15,26,18,12,8,7,11,23,60,5,16,8,10,10,22,12,10,11,2,13
2018,145,3323,90,3401,84,0,37,70,10,18,6,8,13,27,26,9,5,3,15,33,71,7,15,11,20,17,20,17,10,3,6,14
2018,145,3332,83,3141,69,0,34,69,9,26,6,10,16,30,19,8,3,11,13,28,78,7,27,6,9,22,22,17,7,7,4,9
2018,145,3376,79,3138,63,0,30,59,1,5,18,20,16,32,21,26,6,5,16,24,68,7,24,8,13,9,12,15,13,15,2,19
2018,146,3257,76,3333,43,0,30,62,9,25,7,10,7,21,21,3,7,3,16,15,43,5,13,8,12,6,26,10,17,0,2,14
2018,146,3280,89,3417,73,0,29,58,8,13,23,27,11,28,15,11,4,6,14,25,67,6,19,17,20,15,18,11,10,4,3,22
2018,147,3163,94,3376,65,0,37,63,12,20,8,8,8,21,25,7,7,3,12,28,56,1,7,8,13,9,18,10,13,5,1,12
2018,147,3323,84,3332,74,0,31,72,3,10,19,21,19,32,21,10,2,2,13,28,65,4,15,14,18,6,23,11,5,8,3,18
2018,151,3280,73,3257,63,1,25,62,4,15,19,25,18,28,9,15,4,4,14,27,70,4,20,5,7,16,22,7,11,7,0,22
2018,151,3323,91,3163,89,1,33,70,6,19,19,23,15,23,14,15,7,3,11,38,77,9,24,4,6,16,25,20,17,5,6,18
2018,153,3323,61,3280,58,0,22,52,2,9,15,17,6,29,8,17,8,1,17,22,59,4,16,10,17,12,26,9,15,8,2,21
